<?xml version="1.0"?>
<opencv_storage>
<cameraMat type_id="opencv-matrix">
  <rows>3</rows>
  <cols>3</cols>
  <dt>f</dt>
  <data>
    1.07091309e+003 0. 2.95407959e+002 0. 1.46197925e+003
    2.61985687e+002 0. 0. 1.</data></cameraMat>
<distortionCoeffs type_id="opencv-matrix">
  <rows>1</rows>
  <cols>4</cols>
  <dt>d</dt>
  <data>
    2.0661407921117825e-001 -6.4480475652617946e+000
    -1.2660685686714589e-002 6.3683770483140062e-004</data></distortionCoeffs>
</opencv_storage>
